[gd_scene load_steps=9 format=3 uid="uid://dlwakh23swlax"]

[ext_resource type="PackedScene" uid="uid://d04spcl1lynu3" path="res://kayak.tscn" id="1_wtoft"]
[ext_resource type="Script" path="res://camera_3d.gd" id="2_26pfj"]

[sub_resource type="InputEventKey" id="InputEventKey_ft7dv"]
device = -1
keycode = 81
unicode = 113

[sub_resource type="InputEventKey" id="InputEventKey_7bwah"]
device = -1
keycode = 82
unicode = 114

[sub_resource type="InputEventKey" id="InputEventKey_pwnri"]
device = -1
keycode = 87
unicode = 119

[sub_resource type="InputEventKey" id="InputEventKey_t0aji"]
device = -1
keycode = 69
unicode = 101

[sub_resource type="PlaneMesh" id="PlaneMesh_frjt0"]

[sub_resource type="ConcavePolygonShape3D" id="ConcavePolygonShape3D_b1cl4"]
data = PackedVector3Array(1, 0, 1, -1, 0, 1, 1, 0, -1, -1, 0, 1, -1, 0, -1, 1, 0, -1)

[node name="World" type="Node3D"]

[node name="kayak1" parent="." instance=ExtResource("1_wtoft")]
transform = Transform3D(-0.754916, 0.655822, -6.59968e-08, 0.655822, 0.754916, 5.73338e-08, 8.74228e-08, 0, -1, -80.7397, 68.1013, -1.72791)
mass = 94.26
left_key = SubResource("InputEventKey_ft7dv")
right_key = SubResource("InputEventKey_7bwah")
row_force = 3.0

[node name="kayak2" parent="." instance=ExtResource("1_wtoft")]
transform = Transform3D(-0.722304, 0.691576, -6.31458e-08, 0.691576, 0.722304, 6.04595e-08, 8.74228e-08, 0, -1, -80.7397, 68.9105, 1.92054)
mass = 67.386
left_key = SubResource("InputEventKey_pwnri")
right_key = SubResource("InputEventKey_t0aji")
row_force = 3.0

[node name="left side" type="MeshInstance3D" parent="."]
transform = Transform3D(83.176, 1.90342, -2.56701, -71.1144, 2.22626, -3.0024, 0, 1.69108, 6.84192, 0.0718603, 0.194629, -5)
mesh = SubResource("PlaneMesh_frjt0")

[node name="StaticBody3D" type="StaticBody3D" parent="left side"]

[node name="CollisionShape3D" type="CollisionShape3D" parent="left side/StaticBody3D"]
shape = SubResource("ConcavePolygonShape3D_b1cl4")

[node name="right side" type="MeshInstance3D" parent="."]
transform = Transform3D(83.176, 1.90342, 2.56701, -71.1144, 2.22626, 3.0024, 0, -1.69108, 6.84192, 0.52714, -0.194629, 5)
mesh = SubResource("PlaneMesh_frjt0")

[node name="StaticBody3D" type="StaticBody3D" parent="right side"]

[node name="CollisionShape3D" type="CollisionShape3D" parent="right side/StaticBody3D"]
shape = SubResource("ConcavePolygonShape3D_b1cl4")

[node name="Camera3D" type="Camera3D" parent="." node_paths=PackedStringArray("targets")]
transform = Transform3D(1.19249e-08, 0, -1, 0, 1, 0, 1, 0, 1.19249e-08, -85.066, 75.614, -2.55368)
fov = 84.375
script = ExtResource("2_26pfj")
targets = [NodePath("../kayak1"), NodePath("../kayak2")]
offset = Vector3(-7, 10, 0)

[node name="DirectionalLight3D" type="DirectionalLight3D" parent="."]
transform = Transform3D(0.216531, -0.178414, 0.959835, -0.0223448, 0.981996, 0.187574, -0.97602, -0.0620628, 0.208646, -37.5457, 72.0902, -8.09292)
